Management1	Management2	DEPTH	CODE_DEPTH	TN	CORG	SOC:N (%)	P (%)	Bulk density (%)	SOC (%)	N (%)	SOC stock (%)
A3	A	0_10	1	64.28571429	1.152	-14.1634981	-60.34482759	-18.57142857	20.02050756	39.62264151	27.05026455
A3	A	10_20	2	100	0.436	-28.75586854	3.846153846	-4.081632653	46.77419355	105.8823529	NA
A3	A	20_30	3	110	0.289	-35.88175331	40	-2.054794521	31.80515759	105.6338028	NA
A3	A	>30	4	77.77777778	0.084	-38.17271589	116.6666667	-0.67114094	21.85223725	97.5	NA
A2	A	0_10	1	52	0.404	-23.22761194	0	-12.67605634	8.235294118	41.14114114	25.79256922
A2	A	10_20	2	46.15384615	0.067	-26.37614679	80	1.398601399	13.70558376	54.14364641	NA
A2	A	20_30	3	72.72727273	0.491	-4.178272981	175	-2.040816327	66.96349065	75	NA
A2	A	>30	4	77.77777778	0.368	0.389863548	350	-2.649006623	76.21082621	75.18248175	NA
A1	A	0_10	1	105.2631579	1.682	-8.906882591	-17.94871795	-20.27027027	59.54492865	75.57251908	59.5049505
A1	A	10_20	2	18.18181818	0.018	-12.75071633	31.03448276	-1.342281879	5.855018587	21.42857143	NA
A1	A	20_30	3	70	0.731	29.6875	93.33333333	-5.263157895	131.5594059	78.57142857	NA
A1	A	>30	4	62.5	0.213	2.136752137	111.1111111	-1.935483871	58.01393728	54.47154472	NA
B2	B	0_10	1	65.51724138	1.806	-4.030710173	45.16129032	-19.28571429	33.05439331	38.71794872	37.47602608
B2	B	10_20	2	11.11111111	-0.263	-23.28205128	17.64705882	2.189781022	3.473581213	34.76190476	NA
B2	B	20_30	3	90	0.88	23.58346095	110	-7.947019868	131.6371681	87.68115942	NA
B2	B	>30	4	80	0.215	-27.78702163	55.55555556	-3.973509934	40.07398274	94.07407407	NA
B3	B	0_10	1	100	2.138	-9.98185118	-11.11111111	-20.97902098	65.43438078	83.72881356	65.85016701
B3	B	10_20	2	41.66666667	0.274	-9.836065574	-20.83333333	-2.75862069	40.59405941	55.48387097	NA
B3	B	20_30	3	36.36363636	0.396	6.533333333	-23.80952381	-4.697986577	59.87202925	50	NA
B3	B	>30	4	62.5	0.538	53.07017544	0	-3.870967742	147.9323308	61.53846154	NA
B1	B	0_10	1	-20.45454545	-2.15	-28.64768683	-58.75	-2.34375	-43.0060956	-20.18018018	-10.97508126
B1	B	10_20	2	31.25	-0.007	-23.78804961	-45.65217391	2.112676056	12.86908078	47.78325123	NA
B1	B	20_30	3	90	0.554	10.17964072	18.18181818	-3.311258278	102.3591088	84.21052632	NA
B1	B	>30	4	22.22222222	0.441	115.1702786	-14.28571429	-3.225806452	149.7716895	15.44117647	NA
C3	C	0_10	1	-2.631578947	-0.741	-15.94454073	-22.53521127	-8.396946565	-21.38531416	-6.550218341	-5.324343176
C3	C	10_20	2	0	-0.266	-20.13057671	-95	4.225352113	-9.538092382	13.25966851	NA
C3	C	20_30	3	-10	0.263	53.62318841	-100	-0.67114094	34.16746872	-13.24503311	NA
C3	C	>30	4	-12.5	0.346	104.4444444	-100	0.662251656	77.90507365	-13.00813008	NA
C2	C	0_10	1	7.692307692	0.765	18.5483871	-69.01408451	-12.58741259	25.1155624	5.504587156	25.83522084
C2	C	10_20	2	-7.142857143	0.166	26.63316583	156	0.694444444	17.36641221	-7.575757576	NA
C2	C	20_30	3	23.07692308	0.25	0.8	400	-2.027027027	27.25892179	26.13636364	NA
C2	C	>30	4	18.18181818	0.22	7.956318253	400	0	40.64516129	30.34482759	NA
C1	C	0_10	1	42.85714286	1.876	13.07977737	1.449275362	-19.28571429	28.4544778	13.63636364	39.22226885
C1	C	10_20	2	-13.33333333	0.352	55.52367288	-83.33333333	-0.689655172	30.60402685	-15.88785047	NA
C1	C	20_30	3	-15.38461538	0.309	53.34346505	-100	-1.360544218	54.49438202	1.234567901	NA
C1	C	>30	4	0	0.444	113.1944444	-9.090909091	-2.614379085	110.3571429	-1.538461538	NA
D3	D	0_10	1	NA	NA	NA	NA	NA	NA	NA	182.0848939
D3	D	10_20	2	-8.333333333	0.166	26.91853601	-100	1.369863014	23.66071429	-2.51572327	NA
D3	D	20_30	3	9.090909091	0.588	65.61561562	-90.90909091	-2.013422819	80.09708738	8.387096774	NA
D3	D	>30	4	-10	0.333	79.79274611	-6.25	-1.324503311	57.16004813	-11.88811189	NA
D2	D	0_10	1	95	1.977	-0.845864662	10.34482759	-20.40816327	72.65143272	74.13127413	72.93960627
D2	D	10_20	2	13.33333333	0.146	-2.771084337	6.666666667	0.699300699	25.14544279	29.03225806	NA
D2	D	20_30	3	25	0.328	13.88140162	10.52631579	0.684931507	50.35523979	31.57894737	NA
D2	D	>30	4	44.44444444	0.929	120.8520179	300	0	249.9115044	58.26771654	NA
D1	D	0_10	1	-20	1.275	76.68161435	-34.7107438	-18.57142857	20.43542801	-31.78807947	40.71784045
D1	D	10_20	2	-29.41176471	0.095	58.75190259	-48.38709677	0.689655172	20.26279391	-24.09090909	NA
D1	D	20_30	3	0	0.706	155.7544757	170	-3.311258278	140.446304	-6.010928962	NA
D1	D	>30	4	30	0.392	93.01470588	-100	-1.298701299	134.1920375	21.01910828	NA
CONTROL1	CONTROL	0_10	1	52.5	1.832	-13.90374332	-73.01587302	-29.50819672	3.127860848	19.8630137	1.725468828
CONTROL2	CONTROL	0_10	1	37.5	2.971	8.858131488	NA	-29.03225806	8.620689655	-0.204081633	NA
CONTROL3	CONTROL	0_10	1	17.39130435	1.174	0.127632419	NA	-24.13793103	-11.36661504	-11.40186916	NA
CONTROL1	CONTROL	10_20	2	41.17647059	0.171	-26.14424411	-52.38095238	-3.636363636	47.75172414	100.3984064	NA
CONTROL2	CONTROL	10_20	2	14.70588235	1.467	14.3955276	NA	-5.504587156	22.46513381	7.008086253	NA
CONTROL3	CONTROL	10_20	2	0	0.336	7.948899929	NA	1.851851852	9.047713324	1.117318436	NA
CONTROL1	CONTROL	20_30	3	105	2.779	0.53151101	124	-18.11023622	153.3091568	152.6946108	NA
CONTROL2	CONTROL	20_30	3	45	1.552	10.67073171	NA	-13.38582677	37.27863046	24.03100775	NA
CONTROL3	CONTROL	20-30	3	45	1.55	7.337367625	NA	-11.81102362	41.81706944	32.38866397	NA
CONTROL1	CONTROL	>30	4	118.75	2.664	22.62626263	22.22222222	-18.84057971	162.0747351	113.8121547	NA
CONTROL2	CONTROL	>30	4	-12.5	0.25	25.75757576	NA	-2.189781022	12.11740042	-11.26760563	NA
CONTROL3	CONTROL	>30	4	75	1.337	0.448430493	NA	-10.29411765	58.23209049	57.47663551	NA
A3	A	0_10	1	-33.84615385	-2.27	9.401990623	-43.90243902	11.45833333	-2.64516129	-10.98039216	24.8255814
A3	A	10_20	2	-61.11111111	-1.12	89.24586864	-51.68539326	14.65517241	15.60803474	-38.83495146	NA
A3	A	20_30	3	0	1.08	36.26622967	28.26086957	-3.731343284	47.0995671	8.256880734	NA
A3	A	>30	4	7.142857143	1.07	49.18467956	100	-4.255319149	84.51431253	23.45679012	NA
A2	A	0_10	1	-18.6440678	-1.44	-0.594530321	54.08805031	4.081632653	-9.694619486	-9.16496945	2.356732167
A2	A	10_20	2	5.882352941	-1.07	-28.90730852	-15.95744681	10.25641026	-12.30479268	23.31081081	NA
A2	A	20_30	3	-27.27272727	0.13	46.03387807	3.773584906	4.615384615	21.81042965	-16.29955947	NA
A2	A	>30	4	27.77777778	1	12.89131719	87.75510204	-6.569343066	26.60869565	12.26415094	NA
A1	A	0_10	1	-15.90909091	0.14	23.09038829	-15.74074074	0.900900901	0.907311866	-17.89709172	-1.20530604
A1	A	10_20	2	-15	-0.61	-3.076140841	989.4736842	0.751879699	-29.6371998	-27.30923695	NA
A1	A	20_30	3	0	1.2	59.72222222	300	-7.194244604	32.76917537	-16.96428571	NA
A1	A	>30	4	-31.25	0.09	51.28953024	136.3636364	-2.097902098	0.827423168	-33.33333333	NA
B2	B	0_10	1	NA	NA	NA	NA	NA	NA	NA	95.94282111
B2	B	10_20	2	-4.166666667	0.53	21.17629673	29.57746479	-3.846153846	27.31925784	5.194805195	NA
B2	B	20_30	3	35	2.11	26.8370184	39.68253968	-5.925925926	56.75990676	23.78854626	NA
B2	B	>30	4	0	-0.08	-4.107870806	33.33333333	-4.255319149	-5.681433886	-1.621621622	NA
B3	B	0_10	1	-35.78947368	-4.1	-0.948543608	-40.49586777	30.76923077	6	7.204116638	41.52787337
B3	B	10_20	2	-30.55555556	-0.44	24.42260442	-26.92307692	-2.459016393	30.83791209	5.244755245	NA
B3	B	20_30	3	9.523809524	1.86	74.32250625	132.2580645	-10.29411765	102.8071603	16.52542373	NA
B3	B	>30	4	-5.555555556	1.55	84.99622071	392.3076923	-9.79020979	99.14066033	7.655502392	NA
B1	B	0_10	1	13.46153846	0.3	-8.265543289	15.24390244	-5.769230769	8.237643535	18.11926606	7.210432115
B1	B	10_20	2	-34.7826087	0.18	68.17207096	38.23529412	3.100775194	-1.281085154	-41.31274131	NA
B1	B	20_30	3	-31.81818182	0.89	100.7644529	-32	-5	32.15038651	-34.19117647	NA
B1	B	>30	4	-37.5	0	50.46162724	266.6666667	-1.418439716	-8.226495726	-38.91625616	NA
C2	C	0_10	1	7.547169811	1.3	11.23052123	69.82248521	-2.97029703	23.54036216	11.01321586	30.11229911
C2	C	10_20	2	-44.11764706	0.57	113.2200018	44.82758621	7.5	34.01885176	-37.22397476	NA
C2	C	20_30	3	-20	0.86	64.62152572	189.6551724	-4.444444444	23.88690283	-24.66960352	NA
C2	C	>30	4	0	1.31	65.76848459	143.4782609	-7.857142857	48.59538784	-9.941520468	NA
C3	C	0_10	1	16.94915254	0.08	-14.09177685	61.00628931	33.66336634	52.88549618	77.96976242	16.33867547
C3	C	10_20	2	-3.448275862	0.41	16.50788693	68.42105263	-3.149606299	8.442330559	-6.844106464	NA
C3	C	20_30	3	4	0.49	13.87618713	75.47169811	-6.015037594	3.284416492	-9.523809524	NA
C3	C	>30	4	-6.25	-1.01	-23.71543102	71.42857143	-2.112676056	-25.43504172	-2.352941176	NA
C1	C	0_10	1	-13.04347826	-0.52	5.301752585	93.87755102	0	-1.173840134	-6.345177665	22.27629841
C1	C	10_20	2	-34.48275862	0.02	51.69924282	261.5384615	5.555555556	3.917585607	-31.35313531	NA
C1	C	20_30	3	-16.66666667	1.31	82.25686711	126.9230769	-2.898550725	38.32522585	-24.29906542	NA
C1	C	>30	4	23.07692308	1.98	67.67702825	118.75	-1.388888889	75.37147103	4.597701149	NA
D2	D	0_10	1	68.57142857	4.96	30.92473118	248.5714286	-14.52991453	83.65246529	40.38997214	58.39084193
D2	D	10_20	2	-20.83333333	0.7	56.02349889	69.23076923	0.775193798	9.249471459	-30.10380623	NA
D2	D	20_30	3	-25	1.68	128.6001095	204.3478261	-2.222222222	82.68765133	-19.91150442	NA
D2	D	>30	4	-23.07692308	1.2	132.8815349	66.66666667	-4.166666667	69.15290357	-27.27272727	NA
D3	D	0_10	1	60	3.84	14.00482925	310.8433735	-16.81415929	43.68353892	25.86206897	53.88978309
D3	D	10_20	2	-21.42857143	0.23	39.66437834	69.81132075	3.174603175	29.29797192	-7.37704918	NA
D3	D	20_30	3	-13.63636364	1.45	77.79890658	70.45454545	1.503759398	57.66996925	-11.20689655	NA
D3	D	>30	4	14.28571429	2.12	85.6869386	139.1304348	-2.127659574	106.1906914	11.04294479	NA
D1	D	0_10	1	-4.347826087	0.54	15.1540383	53.65853659	-1.818181818	18.51417858	3.098591549	12.70178098
D1	D	10_20	2	-19.23076923	0.18	30.14651715	10.60606061	2.34375	-12.89611463	-32.996633	NA
D1	D	20_30	3	6.25	1.12	38.38894506	140.7407407	-4.255319149	16.56118143	-16.14583333	NA
D1	D	>30	4	-26.66666667	0.9	91.50133671	152.9411765	0	35.95276873	-28.9017341	NA
CONTROL1	CONTROL	0_10	1	117.0731707	5.198432149	-15.80906555	-63.41463415	-23.85321101	56.73876153	86.08812236	84.68845563
CONTROL2	CONTROL	0_10	1	48.71794872	2.83	-0.873502241	NA	-15.17857143	72.24335546	73.89680919	NA
CONTROL3	CONTROL	0_10	1	15.78947368	1.42	8.600163582	NA	-8.035714286	14.08400893	5.030850216	NA
CONTROL1	CONTROL	10_20	2	19.04761905	0.790075531	4.315209853	339.3939394	-2.307692308	81.93679415	74.36355377	NA
CONTROL2	CONTROL	10_20	2	-10.52631579	0.292	20.78710488	NA	-1.515151515	7.530417466	-10.8559643	NA
CONTROL3	CONTROL	10_20	2	-15	0.592	42.53701481	NA	0	19.82745243	-16.02950964	NA
CONTROL1	CONTROL	20_30	3	47.05882353	2.368689115	51.24983655	318.1818182	-10.2189781	199.7228795	97.67668561	NA
CONTROL2	CONTROL	20_30	3	27.77777778	1.841403017	49.33728573	NA	-8.695652174	78.62473041	19.51493196	NA
CONTROL3	CONTROL	20-30	3	17.64705882	1.87485496	64.63523793	NA	-4.379562044	84.55750602	12.06225875	NA
CONTROL1	CONTROL	>30	4	14.28571429	0.452158813	3.952210753	128.5714286	-6.993006993	30.74934565	25.77742867	NA
CONTROL2	CONTROL	>30	4	16.66666667	-0.195251585	-20.07016334	NA	-4.861111111	-11.56202516	10.39842155	NA
CONTROL3	CONTROL	>30	4	-8.333333333	0.135472181	16.27837389	NA	-2.777777778	2.042367657	-12.1861398	NA
A1	A	0_10	1	29.62962963	0.441	-15.63539587	46.42857143	-10.4	20.45619995	43.06569343	41.14457268
A1	A	10_20	2	29.41176471	0.682	3.25732899	58.33333333	-8.02919708	60.80218778	55.30726257	NA
A1	A	20_30	3	6.25	0.739	35.96673597	35.71428571	-7.142857143	60.06582556	17.36842105	NA
A1	A	>30	4	7.142857143	0.265	15.41802389	0	-2.777777778	46.30376344	26.54320988	NA
A2	A	0_10	1	-4.347826087	-0.593	-6.446280992	-30.64516129	-0.934579439	16.03320227	24.07407407	35.9592052
A2	A	10_20	2	17.39130435	0.952	22.71223815	-21.875	-6.015037594	57.77407253	28.30188679	NA
A2	A	20_30	3	5	0.418	16.63879599	8	-5.185185185	51.11294312	29.55665025	NA
A2	A	>30	4	-21.05263158	0.405	56.10913405	-10	-1.449275362	38.39056894	-11.25541126	NA
A3	A	0_10	1	13.04347826	1.77	57.28952772	-10.71428571	-9.448818898	84.0827696	17.05426357	56.44997521
A3	A	10_20	2	-10	0.381	30.70422535	-6.666666667	-3.03030303	31.81444992	0.873362445	NA
A3	A	20_30	3	6.25	1.094	83.24324324	655.5555556	-7.80141844	95.86885246	6.796116505	NA
A3	A	>30	4	-20	0.228	43.33976834	142.8571429	-4.255319149	22.32862903	-14.65968586	NA
B1	B	0_10	1	44	1.88	17.72030651	76	-13.84615385	100.7185629	70.41666667	55.40715209
B1	B	10_20	2	5	0.491	20.57416268	66.66666667	-5.185185185	52.90884104	26.79425837	NA
B1	B	20_30	3	4.761904762	0.531	21.19565217	130	-2.23880597	31.53225806	8.518518519	NA
B1	B	>30	4	0	0.182	6.393606394	100	-0.729927007	33.00094967	25.23809524	NA
B2	B	0_10	1	7.142857143	0.605	10.33883579	53.84615385	-4.8	56.74836037	42.06349206	68.18583403
B2	B	10_20	2	14.28571429	0.439	4.971475143	483.3333333	-5.263157895	52.71287129	45.14563107	NA
B2	B	20_30	3	35.29411765	1.799	57.50507099	766.6666667	-10.79136691	128.1984334	44.84536082	NA
B2	B	>30	4	0	0.575	34.67336683	188.8888889	-4.964539007	47.22941481	9.278350515	NA
B3	B	0_10	1	-8.823529412	-0.109	7.892595606	260	-2.586206897	5.530268548	-2.234636872	6.523157208
B3	B	10_20	2	-15.38461538	0.01	20.47101449	40.90909091	0	23.66541993	2.631578947	NA
B3	B	20_30	3	-23.80952381	-0.557	1.619778346	155.5555556	2.290076336	-6.570915619	-8.403361345	NA
B3	B	>30	4	-29.41176471	-0.242	24.83156882	-46.15384615	1.459854015	2.91490362	-17.56097561	NA
C1	C	0_10	1	62.96296296	2.007	3.234750462	-51.51515152	-8.8	79.64968153	74.13793103	30.01052518
C1	C	10_20	2	38.0952381	0.546	-10.30927835	-100	-3.759398496	25.43527631	39.51612903	NA
C1	C	20_30	3	-5	-0.616	-20.71251036	-100	3.703703704	-8.901860635	14.97797357	NA
C1	C	>30	4	-14.28571429	0.047	14.64530892	516.6666667	0	8.543331285	-5.376344086	NA
C2	C	0_10	1	-33.33333333	-1.725	-4.591836735	-100	13.51351351	-15.64410233	-11.46666667	-6.674349371
C2	C	10_20	2	-34.61538462	-0.787	4.897159647	-100	9.375	-14.8742253	-18.95910781	NA
C2	C	20_30	3	-12.5	-0.105	11.7583603	-100	4.347826087	6.131805158	-4.787234043	NA
C2	C	>30	4	-12.5	0.094	25.16644474	-100	3.571428571	21.23655914	-3.03030303	NA
C3	C	0_10	1	40	1.5	12.08178439	-100	-5.511811024	55.29143601	38.94736842	26.43136415
C3	C	10_20	2	-11.53846154	-0.553	-11.50097466	57.14285714	7.142857143	-5.784280367	6.643356643	NA
C3	C	20_30	3	41.17647059	0.743	11.28010139	-100	-0.714285714	62.1653085	45.41284404	NA
C3	C	>30	4	14.28571429	-0.133	-20	-100	2.068965517	-7.16080402	16.4893617	NA
D1	D	0_10	1	74.07407407	2.407	12.59181532	-29.26829268	-13.28125	119.9762188	95.09433962	20.88990189
D1	D	10_20	2	-8.695652174	0.033	13.82765531	-100	2.272727273	24.48542024	9.401709402	NA
D1	D	20_30	3	-15.78947368	-0.09	12.61261261	-100	4.379562044	9.864300626	-2.314814815	NA
D1	D	>30	4	-35.29411765	-1.413	-32.08521627	-100	5.755395683	-50.30284676	-26.76056338	NA
D2	D	0_10	1	20.83333333	0.997	13.78995434	-60.52631579	-6.25	47.28385616	29.28870293	27.61978169
D2	D	10_20	2	-4.545454545	0.268	16.55691439	-100	0	34.38432041	15.38461538	NA
D2	D	20_30	3	-15	-0.572	-17.05716963	-100	5.223880597	-18.29424307	-1.363636364	NA
D2	D	>30	4	-16.66666667	0.419	55.04840941	-100	5.797101449	55.79227696	0.480769231	NA
D3	D	0_10	1	-20	-0.701	-5.560458959	-100	7.8125	-23.16687737	-25.08960573	-10.09302791
D3	D	10_20	2	-29.16666667	-0.841	-1.270110076	-100	3.100775194	-8.255347594	1.581027668	NA
D3	D	20_30	3	-27.77777778	-0.02	32.04887218	-100	5.109489051	8.780487805	-17.45283019	NA
D3	D	>30	4	-7.142857143	-0.216	-16.85649203	-100	2.797202797	-13.72299873	3.910614525	NA
CONTROL1	CONTROL	0_10	1	7.142857143	1.692	46.83301344	32.14285714	-4.87804878	56.92443399	7.055214724	7.572911518
CONTROL2	CONTROL	0_10	1	-55.55555556	-1.564	3.629417383	NA	17.07317073	-47.54521964	-49.54954955	NA
CONTROL3	CONTROL	0_10	1	-53.84615385	-1.268	23.63112392	NA	13.70967742	-38.78449794	-50.4587156	NA
CONTROL1	CONTROL	10_20	2	-45	-0.951	-2.042801556	-54.54545455	6.766917293	-39.12719135	-37.93103448	NA
CONTROL2	CONTROL	10_20	2	38.0952381	1.58	28.71385842	NA	-13.33333333	52.06933145	18.08510638	NA
CONTROL3	CONTROL	10_20	2	-10	0.634	46.47058824	NA	-4.444444444	24.66786355	-15.01831502	NA
CONTROL1	CONTROL	20_30	3	35.29411765	0.681	9.741784038	-25	-7.80141844	53.36249317	39.53488372	NA
CONTROL2	CONTROL	20_30	3	0	-0.086	-3.803131991	NA	-0.71942446	-6.071428571	-2	NA
CONTROL3	CONTROL	20-30	3	64.70588235	1.385	18.43891403	NA	-9.420289855	73.60308285	46.38297872	NA
CONTROL1	CONTROL	>30	4	0	0.276	13.06930693	-7.142857143	-4.285714286	14.37728938	1.388888889	NA
CONTROL2	CONTROL	>30	4	-6.25	0.83	69.43866944	NA	-2.142857143	50.46210721	-11.11111111	NA
CONTROL3	CONTROL	>30	4	-47.05882353	-0.25	49.75514202	NA	3.597122302	-11.7147708	-41.12554113	NA
