LOC	Management	Herbaceous biomass (kg ha -1)	Shannon Index	Woody Cover (%)	Crude Proteine (%)	Ash Content (%)	Relative Feed Value
Ajamil	A	62.26838855	-17.32142857	18	-17.7525269	-16.2245828	-16.25653419
Ajamil	A	50.79856742	-24.17923691	0	-27.87939876	-21.46440267	-10.73207786
Ajamil	A	3.344449738	-24.65116279	0	-17.05857085	-12.88617511	-3.118819649
Ajamil	A	-59.07332434	-29.28970471	10	33.28471306	-20.76074438	-2.623064102
Ajamil	A	-51.27073013	-32.27393114	-1	-5.889307024	-39.91236735	-9.80942631
Ajamil	A	-56.90473883	-29.86407767	1	-24.0510486	-33.44407277	-12.72795832
Ajamil	A	-89.16984289	-31.73261621	0	24.27655242	-16.71484935	-4.454325798
Ajamil	A	-83.79862346	-27.06059466	-15	6.242183791	-8.198181404	26.89526883
Ajamil	A	-45.39960533	-28.54383932	3	-29.65560291	-13.49930794	-0.524355134
Ajamil	B	-65.58651977	-11.84323859	8	-21.88067606	-12.95637988	12.7845803
Ajamil	B	-62.4643197	-3.820598007	4	-8.402836956	-21.510978	14.59991217
Ajamil	B	-77.20426468	-16.24319419	0	-28.43177496	-9.652768731	24.5180548
Ajamil	B	-77.44648318	-7.42637644	8	-7.223563447	-4.220107835	9.133931558
Ajamil	B	-47.68938122	-14.9298171	3	-31.41219799	-27.1328279	-7.403939483
Ajamil	B	-72.03950617	-18.61003861	5	-23.82085998	-26.71278469	-0.606418416
Ajamil	B	-86.68289291	-12.77866242	0	-15.09671525	-32.0765738	4.088471328
Ajamil	B	-84.79328511	-12.09175739	6	-6.94996756	-32.87046264	7.062271942
Ajamil	B	-86.33855981	-14.65043205	0	26.0957901	-30.63040606	-7.106768534
Ajamil	C	13.47962382	-10.12922051	2	-25.87496047	-29.46042949	-8.471111275
Ajamil	C	86.33980073	6.718821905	3	-7.405773615	-37.39364843	-9.936699154
Ajamil	C	-5.401481051	-10.06071119	0	-38.68803757	-27.4531916	7.45844177
Ajamil	C	-12.56101529	-16.86793923	0	-42.40950978	-34.38975826	-12.15674719
Ajamil	C	-7.682926829	-7.68930523	0	-30.53397678	-8.278292203	-5.762394825
Ajamil	C	-27.49687332	-0.289855072	0	-25.83559872	-33.93692182	-11.56521976
Ajamil	C	-59.65873513	-5.896134323	0	-17.7649856	-17.25032474	-4.515433169
Ajamil	C	-67.62103071	-13.68954758	0	-13.79554934	-32.49072168	-2.161080691
Ajamil	C	-74.36859215	-19.55003879	0	-18.59375048	-31.43522886	-2.970818214
Ajamil	D	2.5	2.455546147	0	47.07789797	-9.304817175	16.41648049
Ajamil	D	68.01663352	-3.480278422	2	-31.32233587	-0.26531877	-2.44152432
Ajamil	D	33.94126007	-8.427623878	5	0.290932526	8.299438993	1.47606191
Ajamil	D	-60.38269189	-7.073565077	4	-10.25282494	-16.56872559	-16.68076108
Ajamil	D	-30.53373615	3.703703704	0	-30.95278698	-10.4154106	-2.513305218
Ajamil	D	-78.05742644	9.255978742	0	-20.89903765	-28.90583364	-8.512839196
Ajamil	D	-84.33500914	0.291423813	0	-4.758463578	-14.40434782	-12.66655803
Ajamil	D	-54.96508922	11.83406114	0	-24.55962736	-20.17906501	-9.495890366
Ajamil	D	-83.81474907	-9.358821187	0	-23.1776824	-17.21543721	-15.61623899
Ajamil	CONTROL	85.28272657	-21.85751585	10	0.78964287	14.67805111	-9.34333549
Ajamil	CONTROL	55.96370879	-24.3803332	7	-20.61859498	-12.70890622	-16.5647689
Ajamil	CONTROL	45.05041247	-53.38983051	7	3.710365218	-7.601201029	8.985037051
Ajamil	CONTROL	-10.84154663	-7.996523251	6	-15.09960384	9.620065543	-0.564726696
Ajamil	CONTROL	91.16809117	-25.23255814	10	-33.5871332	-4.636992668	-19.19152719
Ajamil	CONTROL	-68.78694727	-33.84373773	-33	-30.94600906	-9.893182382	-4.454143825
Ajamil	CONTROL	38.99782135	-18.18181818	-10	-20.24595402	-2.640471383	-15.94713197
Ajamil	CONTROL	163.0725682	-32.60785076	-25	-10.85524485	51.09814766	-8.265086732
Ajamil	CONTROL	181.6091954	-39.34792318	-8	-24.73417458	-23.35204304	-30.00068749
SanRoman	A	5.217917676	-52.78761062	0	-24.8833906	19.39006941	-25.21292108
SanRoman	A	16.19385343	-10.84337349	8	-34.34604524	6.882694687	-26.33833519
SanRoman	A	-5.894015862	-37.17090585	21	-31.69865576	13.66845769	-22.70965001
SanRoman	A	-47.7532014	-23.77237265	21	-6.845128932	-2.871600648	-16.64034792
SanRoman	A	-27.56935461	-32.66309205	0	0.254117557	13.43080332	-10.92493142
SanRoman	A	-48.97572467	-24.67771639	9	-15.43175825	5.652855876	-22.10330205
SanRoman	A	4.431675063	-33.46792284	0	6.584807484	11.29070183	-22.09445018
SanRoman	A	-23.05999245	-44.05052975	26	-19.86666726	13.10727283	-14.41245493
SanRoman	A	-12.5952381	-28.57142857	0	-17.15871645	-8.602613673	-26.02663956
SanRoman	B	-63.34577695	-16.19094488	2	-17.75633758	-6.889358108	-13.66238239
SanRoman	B	-54.01115401	-9.10623946	9	-33.64897932	-7.986841269	-16.65123608
SanRoman	B	-38.10900083	-12.11827436	0	-29.12535813	7.463499256	-4.442939952
SanRoman	B	-39.65734896	-25.97014925	0	-35.85047997	-4.605937981	-23.93977711
SanRoman	B	-68.83225054	-28.30913749	0	-6.00691845	10.50411693	7.057418033
SanRoman	B	-53.46787948	-2.723558783	2	-22.74169774	-7.009560612	-21.62640191
SanRoman	B	-42.50372385	-17.38290681	0	-29.69853398	-1.956432921	-29.20165993
SanRoman	B	-32.28017495	-24.85445589	0	2.747321379	17.09363297	-25.53667669
SanRoman	B	-72.82106978	-26.72744722	0	10.35585453	-9.424931042	-8.662364278
SanRoman	C	-75.41375682	-41.32575758	1	-4.694264643	-3.688096367	-2.14135203
SanRoman	C	-79.19578649	-2.201386058	24	-29.89456568	8.912727327	-14.87532505
SanRoman	C	-90.03161222	-34.3402932	23	-28.52653548	-13.5455449	-15.72496344
SanRoman	C	-42.26350343	5.497771174	10	-21.15259246	-0.973668096	-24.13497496
SanRoman	C	-54.51449225	-6.918238994	8	-11.91097654	-11.15621752	-20.79924992
SanRoman	C	-29.33025404	-13.39472583	14	-20.62962754	1.039458546	-28.37361091
SanRoman	C	-44.07505609	-10.13151486	0	-19.40480152	-6.154572873	-22.74691112
SanRoman	C	-33.9892264	-12.09800919	-2	-9.661132047	4.011488712	-16.70180518
SanRoman	C	-74.06583339	3.979591837	0	-26.60232329	-17.00010329	-9.633192585
SanRoman	D	-55.92580433	-17.41198858	0	-9.806091864	-4.135863664	-6.522078951
SanRoman	D	-65.26202053	-5.585585586	0	41.09889652	14.25038437	18.58938842
SanRoman	D	-57.74381001	-3.682983683	0	2.013321039	42.03896376	15.45152126
SanRoman	D	-25.46745152	4.0408732	2	-2.596365177	7.024131263	-13.91158533
SanRoman	D	-83.51016497	2.771467515	-2	-10.11106582	-13.70793354	12.47793198
SanRoman	D	-59.40071417	16.6842661	1	13.26595592	43.65116188	2.851157236
SanRoman	D	-82.37137203	-10.34308779	0	-5.616118205	-8.184072159	3.70595241
SanRoman	D	-68.47192268	-0.796107917	0	-0.208171641	20.7401252	-1.463329452
SanRoman	D	-62.58943448	-8.174386921	0	-12.24202108	-1.771377494	1.024971834
SanRoman	CONTROL	125.5628384	-19.40035273	7	-15.17737869	21.93077424	-17.03454895
SanRoman	CONTROL	6.919518964	-6.952965235	-2	-17.89021549	-7.619682785	-30.40425177
SanRoman	CONTROL	NA	-5.724600309	12	NA	NA	NA
SanRoman	CONTROL	-18.58754291	-45.14395393	10	-14.62383271	10.12463086	-18.9403087
SanRoman	CONTROL	89.07412921	-37.57425743	15	-23.72701734	-15.57016635	-23.99972423
SanRoman	CONTROL	-21.30630631	-7.115963855	-9	-11.8457737	15.99920514	-22.05403717
SanRoman	CONTROL	101.0986386	-13.62790698	-8	-17.45905492	20.88619784	-29.65337727
SanRoman	CONTROL	215.9186536	-17.64928193	4	-29.98569544	19.0889176	-23.27397752
SanRoman	CONTROL	94.46432832	-17.93814433	-1	-9.231129166	58.78672313	-15.816044
Garcipollera	A	291.3282863	-1.923831959	23	-23.1401809	43.62250852	46.17947462
Garcipollera	A	43.98907104	24.09985598	16	-9.314053792	65.8723427	66.86294517
Garcipollera	A	-46.49625386	38.47368421	13	-16.99370622	31.52079984	59.25751815
Garcipollera	A	74.22252937	39.33161954	23	-14.87054022	44.47032507	26.49417777
Garcipollera	A	57.14710253	29.00696864	14	-22.7630812	104.7770629	89.14116614
Garcipollera	A	171.728972	45.5261677	21	-33.93067412	27.69087194	39.17376983
Garcipollera	A	69.42760943	23.96204033	13	-34.74640653	62.32581139	-0.244340296
Garcipollera	A	497.6047904	14.61461461	39	-33.56254629	48.42450225	27.3128311
Garcipollera	A	118.6138614	-0.340280732	12	-37.64141704	72.29670953	21.29600611
Garcipollera	B	163.2695292	8.431771894	6	-8.632311096	-14.82432877	24.44617598
Garcipollera	B	132.2222222	10.28873526	10	-10.74301285	-1.472044609	36.8256798
Garcipollera	B	338.2556987	24.61474386	13	-19.86047673	-37.0625253	15.33535667
Garcipollera	B	160.2134146	10.0660066	1	-31.93563397	37.78445583	63.94545347
Garcipollera	B	75.34059946	62.5158831	8	-20.23495335	51.78763145	86.17866391
Garcipollera	B	174.0200547	30.85427136	11	-14.9833236	15.90747022	103.2776474
Garcipollera	B	-5.178211163	40.81524616	12	-13.54066501	76.25170618	60.70229743
Garcipollera	B	70.92060399	46.94092827	22	-21.02171447	90.78882625	44.28164224
Garcipollera	B	110.2681992	69.186382	-5	-22.35775441	37.10891906	24.88358253
Garcipollera	C	42.27272727	31.39158576	32	-24.59628632	57.72586108	99.34339875
Garcipollera	C	-23.39832869	32.24880383	14	-26.46063647	-9.978936529	-4.241838954
Garcipollera	C	120.2696825	14.38415159	4	20.96061068	7.672906404	59.62016438
Garcipollera	C	114.7350993	16.36363636	-4	-4.386833257	91.05185234	72.92860455
Garcipollera	C	201.3622291	28.0203476	17	-12.1377049	101.3924962	70.72281369
Garcipollera	C	75.49320473	14.84245439	15	-15.79761702	9.684038042	33.80063652
Garcipollera	C	201.2791573	27.41861531	17	-31.91770744	30.10306611	46.81763685
Garcipollera	C	224.9420849	24.42013129	-1	-24.10232408	65.0780111	39.22474655
Garcipollera	C	17.40478299	29.02670112	12	-19.1880639	105.7311173	52.71416214
Garcipollera	D	168.8750863	33.9055794	5	0.403543752	-16.20640517	10.14465354
Garcipollera	D	415.5364807	16.43002028	5	-7.276847326	23.87991687	27.33739571
Garcipollera	D	28.23227462	19.54924057	6	-6.874003885	-2.46509024	3.343717798
Garcipollera	D	86.40616401	84.12256267	-4	-9.294594305	13.84546228	2.754606039
Garcipollera	D	5.720338983	21.77083333	4	-20.88902825	50.06698734	-2.738946119
Garcipollera	D	91.90600522	51.51345291	-12	14.36974747	87.30725629	22.21847451
Garcipollera	D	46.24447717	9.940357853	8	-17.86852638	67.03775853	37.84829406
Garcipollera	D	618.2943604	28.68735084	14	-9.793374734	-4.752144399	-0.277877975
Garcipollera	D	81.69312169	28.58508604	7	-11.64049351	46.45980568	12.07011738
Garcipollera	CONTROL	268.5908319	21.70439414	13	-29.90617531	26.74274141	14.70005565
Garcipollera	CONTROL	-40.71740184	63.18883174	-8	-21.78883187	29.26134871	45.13841755
Garcipollera	CONTROL	16.52334152	20.39337474	12	-39.22425285	9.432733404	51.30717096
Garcipollera	CONTROL	13.18051576	9.806567701	-5	-25.1738075	11.93176699	51.35751266
Garcipollera	CONTROL	44.25876011	-12.35908142	-24	-30.34142443	52.37508094	76.15923145
Garcipollera	CONTROL	53.99551904	11.3098115	-15	-37.28219462	50.09947047	44.07506826
Garcipollera	CONTROL	41.14583333	11.92084942	-10	-41.23763571	-29.9701662	29.66476195
Garcipollera	CONTROL	149.0972919	6.980961015	4	-40.70011392	10.84795512	2.754388906
Garcipollera	CONTROL	-3.902953586	70.59219381	-3	-19.38318274	78.54533069	13.61338407
